00000000000000000000000000000000
00000000000000110001101010101111
11111111111111101101111111111011
11111111111111111111111111110110
11111111111100100111101000001110
00000000000101010011000111101111
11111111111111111111101000010100
00000000000000000001110000001001
11111111111001100010110101101101
00000000000000100000010110111111
00000000000000110110001011010000
00000000000000000000000000000000
11111111111111101001101100110000
11111111111111100000011000101001
00000000000000100000010110111111
11111111111111111111110000011011
11111111111111111111101111101000
11111111111001010000111000001110
00000000000110110101001110001110
00000000000000001001101110110001
11111111111100001110110101110001
00000000000000000000000000000000
00000000000000110001101010101111
11111111111111101101111111111011
11111111111111111111111111110110
11111111111100100111101000001110
00000000000101010011000111101111
11111111111111111111101000010100
00000000000000000001110000001001
11111111111001100010110101101101
00000000000000100000010110111111
00000000000000110110001011010000
00000000000000000000000000000000
11111111111111101001101100110000
11111111111111100000011000101001
00000000000000100000010110111111
11111111111111111111110000011011
11111111111111111111101111101000
11111111111001010000111000001110
00000000000110110101001110001110
00000000000000001001101110110001
11111111111100001110110101110001
00000000000000000000000000000000
00000000000000000110001101010111
11111111111111111111101000010100
11111111111111111111111111110110
11111111111100100111101000001110
00000000000101010011000111101111
11111111111111111111101000010100
00000000000000000001110000001001
11111111111001100010110101101101
00000000000000100000010110111111
00000000000000110110001011010000
00000000000000000000000000000000
11111111111111101001101100110000
11111111111111100000011000101001
11111111111111111111110000011011
00000000000000100000010110111111
11111111111111111111101111101000
11111111111001010000111000001110
11111111111111111111111111111011
11111111111111111111100100101110
11111111111111111111110000011011
11111111111100001110110101110001
00000000000000000000000000000000
00000000000000000110001101010111
11111111111111111111101000010100
11111111111111111111111111110110
11111111111100100111101000001110
00000000000101010011000111101111
11111111111111111111101000010100
00000000000000000001110000001001
11111111111001100010110101101101
00000000000000100000010110111111
00000000000000110110001011010000
00000000000000000000000000000000
11111111111111101001101100110000
11111111111111100000011000101001
11111111111111111111110000011011
00000000000000100000010110111111
11111111111111111111101111101000
11111111111001010000111000001110
11111111111111111111111111111011
11111111111111111111100100101110
11111111111111111111110000011011
11111111111100001110110101110001
00000000000000000000000000000000
00000000000000000000000000000000
00000000000000001111110110010000
11111111111111111111111111011011
11111111111111111111111111101010
11111111111111100001101100001110
00000000000000000000010110111111
11111111111111111111111011111011
00000000000000000000001000111001
11111111111100110000001000011001
00000000000000111111101100011111
00000000000000110101110100110000
00000000000000000000000000000000
11111111111110011110001000011000
11111111111110001000000110100001
00000000100000011011111100101101
11111111111100111001001111100111
00000000000000000000001001001000
11111111111111001110110100001110
00000000000000001001011111010101
11111111111111100001101100001110
00000000000000000000000000000000
11111111111110011110001000011000
11111111111110001000000110100001
00000000100000011011111100101101
11111111111100111001001111100111
00000000000000000000001001001000
11111111111111001110110100001110
00000000000000001001011111010101
11111111111111100001101100001110
00000000000000000000000000000000
11111111111110011110001000011000
11111111111110001000000110100001
00000000100000011011111100101101
11111111111100111001001111100111
00000000000000000000001001001000
11111111111111001110110100001110
00000000000000001001011111010101
11111111111111100001101100001110
00000000000000000000000000000000
11111111111110011110001000011000
11111111111110001000000110100001
00000000100000011011111100101101
11111111111100111001001111100111
00000000000000000000001001001000
11111111111111001110110100001110
00000000000000001001011111010101
11111111111111100001101100001110
00000000000000000000000000000000
11111111111110011110001000011000
11111111111110001000000110100001
00000000100000011011111100101101
11111111111100111001001111100111
00000000000000000000001001001000
11111111111111001110110100001110
00000000000000001001011111010101
11111111111111100001101100001110
00000000000000000000000000000000
11111111111110011110001000011000
11111111111110001000000110100001
00000000100000011011111100101101
11111111111100111001001111100111
00000000000000000000001001001000
11111111111111001110110100001110
00000000000000001001011111010101
